   0.000000       0.000000    
   1.000000      7.4982643E-03
   2.000000      3.0004978E-02
   3.000000      6.7508221E-02
   4.000000      0.1200438    
   5.000000      0.1875877    
   6.000000      0.2701759    
   6.999999      0.3678322    
   7.999999      0.4805803    
   8.999999      0.6084323    
   9.999999      0.7514119    
   11.00000      0.9095669    
   12.00000       1.082933    
   13.00000       1.271546    
   14.00000       1.475441    
   15.00000       1.694679    
   16.00000       1.929307    
   17.00000       2.179372    
   18.00000       2.444947    
   19.00000       2.726078    
   20.00000       3.022850    
   21.00000       3.335309    
   22.00000       3.663552    
   23.00000       4.007649    
   24.00000       4.367697    
   25.00000       4.743755    
   26.00000       5.135942    
   27.00000       5.544353    
   28.00000       5.969071    
   29.00000       6.410229    
   30.00000       6.867921    
   31.00000       7.342279    
   32.00000       7.833409    
   33.00000       8.341444    
   34.00000       8.866537    
   34.99999       9.408808    
   35.99999       9.968424    
   36.99999       10.54552    
   37.99999       11.14026    
   38.99999       11.75282    
   39.99999       12.38337    
   40.99999       13.03208    
   41.99999       13.69916    
   42.99998       14.38479    
   43.99998       15.08920    
   44.99998       15.81259    
   45.99998       16.55517    
   46.99998       17.31720    
   47.99998       18.09892    
   48.99998       18.90056    
   49.99998       19.72243    
   50.99998       20.56476    
   51.99998       21.42787    
   52.99998       22.31206    
   53.99998       23.21763    
   54.99998       24.14492    
   55.99998       25.09430    
   56.99998       26.06609    
   57.99997       27.06068    
   58.99997       28.07848    
   59.99997       29.11990    
   60.99997       30.18537    
   61.99997       31.27533    
   62.99997       32.39030    
   63.99997       33.53075    
   64.99997       34.69721    
   65.99997       35.89024    
   66.99997       37.11042    
   67.99996       38.35838    
   68.99996       39.63474    
   69.99996       40.94021    
   70.99996       42.27551    
   71.99996       43.64138    
   72.99996       45.03867    
   73.99996       46.46819    
   74.99996       47.93087    
   75.99995       49.42770    
   76.99995       50.95967    
   77.99995       52.52790    
   78.99995       54.13354    
   79.99995       55.77787    
   80.99995       57.46220    
   81.99995       59.18798    
   82.99995       60.95675    
   83.99995       62.77018    
   84.99995       64.63004    
   85.99995       66.53828    
   86.99995       68.49704    
   87.99995       70.50858    
   88.99995       72.57539    
   89.99995       74.70023    
   90.99995       76.88611    
   91.99994       79.13631    
   92.99994       81.45451    
   93.99994       83.84480    
   94.99994       86.31168    
   95.99994       88.86028    
   96.99994       91.49637    
   97.99994       94.22648    
   98.99994       97.05808    
   99.99993       99.99981    
